1 -18.8478353 14.4738972 -19.3559239
2 -18.1546642 17.4399806 -23.9260618
3 -17.6827238 16.0594017 -27.7350416
4 -17.0190722 14.9822375 -27.2999848
5 -13.4795675 13.6930745 -32.8098319
6 -11.2378867 12.8545990 -34.9136719
7 -9.5271305 12.3475362 -36.5211956
8 -9.7925924 12.4412306 -36.7069382
9 -10.0728021 12.5471858 -36.6266234
10 -10.1907851 12.5708214 -37.5643569
11 -6.9167521 12.1790254 -41.6644696
12 -6.3120892 11.7915143 -43.6295887
13 -2.3301654 7.0873068 -42.8998158
14 0.5456719 3.9036075 -43.4180697
15 -0.0000000 4.1149425 -42.6162119
16 -1.1355875 4.6112473 -42.2386040
17 -1.8287382 5.0928863 -43.0522372
18 -2.8315947 5.6605952 -43.9866170
19 -4.2178966 6.1105995 -42.5777966
20 -5.4419711 6.9834834 -42.0501223
21 -6.6218013 8.0444715 -41.6892242
22 -7.1822201 8.5002371 -41.0535069
23 -7.1527238 8.5549084 -41.9516415
24 -7.5951590 9.3156892 -41.4623315
25 -7.0937294 9.6279808 -42.7548452
26 -6.7397797 9.5484615 -44.4107549
27 -7.9786011 10.2045790 -42.3982521
28 -8.6275069 10.7365756 -42.6733207
29 -10.7806947 12.4262198 -42.5717946
30 -11.7982977 12.8801271 -41.6274924
31 -12.5209419 13.5582287 -42.1315022
32 -14.0104775 14.1036005 -41.3763126
33 -15.3672802 15.0357488 -39.7057473
34 -16.1046739 15.3236726 -39.1593999
35 -6.8872564 9.0633301 -43.3356300
36 -7.6688939 9.2198359 -42.5640917
37 -7.9343560 9.0442358 -44.1144084
38 -8.3767922 9.3173088 -44.5752746
39 -9.0109501 9.9379393 -43.7974618
40 -8.9224625 9.8760611 -44.4865223
41 -9.3354019 10.2769883 -43.9636365
42 -9.6156114 10.2608161 -43.5935174
43 -10.0875435 10.2524595 -43.3899101
44 -10.2202742 10.1762462 -42.9941083
45 -9.8810728 9.8868389 -43.1740879
46 -10.5742227 10.1755066 -42.6838370
47 -11.3853558 10.5011614 -42.0944243
48 -12.1080014 10.8022637 -40.9246474
49 -12.4029597 10.6332902 -40.0748805
50 -12.3882136 10.1050119 -39.1461209
51 -12.0932573 9.6152093 -38.4845671
52 -11.4738473 8.9414081 -38.6481016
53 -10.9134288 8.2447341 -38.4449841
54 -10.5889758 7.8798475 -38.1136003
55 -9.9843112 7.8387572 -38.1550794
56 -9.4976317 7.2287628 -40.0805863
57 -10.4562436 7.7105441 -39.1141014
58 -10.8544365 7.8322518 -37.3258809
59 -10.9724210 7.4495086 -36.1564955
60 -10.2350286 6.4892549 -35.7010733
61 -9.5418795 5.7074752 -36.4756396
62 -9.5713755 5.4043462 -37.4961257
63 -9.2469214 5.0773866 -37.4773642
64 -9.8368358 5.4532348 -37.3603487
65 -9.9548178 5.7030269 -36.4823762
66 -9.9253205 5.9035981 -36.9104403
67 -9.8663278 6.0396489 -36.6329141
68 -10.1317889 6.1883625 -36.8898541
69 -10.7659449 7.1099349 -36.6332336
70 -10.6184655 6.9640259 -36.7599798
71 -11.2378765 6.9277706 -35.8093987
72 -11.3558593 6.8080445 -34.8485844
73 -11.9310262 7.0076372 -33.0723792
74 -12.0932534 6.9371775 -32.5155020
75 -11.4296004 6.1369843 -32.8341674
76 -10.9134239 6.1077590 -31.7265530
77 -10.7069544 5.7073444 -30.4115378
78 -10.5004838 5.5511851 -29.6761314
79 -10.1907775 5.3930021 -29.7256133
80 -11.1788835 6.4286753 -28.3849317
81 -11.9457714 7.0385218 -27.5595375
82 -12.5356846 7.5929866 -27.1465620
83 -12.7421545 7.5336681 -26.1536490
84 -13.5385378 8.1025971 -24.4479194
85 -13.5827797 8.4434604 -23.3843671
86 -13.8482400 8.8133207 -22.2144369
87 -13.5975262 8.5872569 -21.0483968
88 -13.6712644 8.7742239 -20.2760384
89 -13.8777350 8.6528033 -18.6756817
90 -13.4352985 8.3849378 -18.3533293
91 -13.2288282 8.2733785 -17.4120976
92 -13.2435751 8.3971471 -16.6314730
93 -13.4500448 8.3722162 -15.6830572
94 -13.8187413 8.6188346 -14.2250064
95 -14.2316790 9.0747796 -13.7733162
96 -13.8629813 9.1624841 -13.1603188
97 -12.9338655 8.5901788 -13.8411322
98 -13.5827707 8.8777144 -13.0092432
99 -13.3468042 8.6918242 -12.6674403
100 -12.2702109 7.9169170 -13.5334182
101 -12.7568895 8.1185987 -13.4514529
102 -13.0076021 8.2550522 -13.9744499
103 -12.3292004 7.9392552 -14.5429820
104 -11.9752513 7.6463361 -15.3956551
105 -12.3881909 7.9011598 -14.8154904
106 -11.7835294 7.3584074 -15.2619977
107 -12.0194943 7.5390881 -15.4652890
108 -12.1227291 7.5277592 -15.7172979
109 -9.8515582 7.0582712 -18.2035764
