1 -11.3781068 8.1463807 26.5659210
2 -11.2350508 8.0255479 26.2804631
3 -11.3028915 8.0102940 26.1211983
4 -11.3663082 8.0404062 26.1612606
5 -12.4325904 8.7450207 26.4464808
6 -12.5785959 8.7533773 26.2222985
7 -12.7821187 8.8198136 26.2581810
8 -13.0608565 8.9215374 26.0785881
9 -13.3617163 9.0427336 26.1649094
10 -13.5032974 9.0840855 25.2336591
11 -15.1300044 10.1963259 25.2944773
12 -15.6697826 10.4007674 23.9895468
13 -16.7655618 10.7908469 24.3232161
14 -16.8938696 10.8289824 23.3795862
15 -17.6519185 11.1392198 24.3181087
16 -17.9719509 11.2129685 24.2261754
17 -18.0014472 11.1181299 23.1997065
18 -17.6873142 10.8207131 21.6118389
19 -18.6651095 11.1274223 22.6969955
20 -19.9452397 11.5253710 23.6455292
21 -20.5395865 11.6001017 24.5530219
22 -21.1442558 11.7105499 25.6907055
23 -21.3713769 11.5865111 25.4753799
24 -22.8992758 12.2184426 27.7476151
25 -23.7399172 12.3834227 28.7134762
26 -23.5880143 12.0886438 27.9832174
27 -24.2944462 12.3641042 30.0883626
28 -24.1012471 12.0867825 29.8111431
29 -22.8137429 11.1646279 29.0046548
30 -22.5114070 10.8602810 29.1534909
31 -21.5395092 10.2111060 27.8599787
32 -21.4569188 10.0475678 27.3098158
33 -21.7916990 10.1732544 28.8820849
34 -21.7327068 10.0192698 29.0078256
35 -21.2607692 9.5776465 28.0687710
36 -20.8094790 9.1845612 28.1468113
37 -20.2652767 8.7346997 26.0741904
38 -19.8744536 8.3868532 25.1148708
39 -19.9481935 8.2920401 25.7247652
40 -19.4349617 7.8604096 24.9848639
41 -19.3199271 7.7079811 25.8293828
42 -19.1311520 7.5074115 25.9854456
43 -18.9173054 7.2543429 25.7828835
44 -18.9069820 7.1423736 26.3102206
45 -18.6179203 6.8547049 26.3222441
46 -18.3996492 6.6243060 26.3483778
47 -18.0825660 6.4194103 26.2183741
48 -17.0207071 5.7416342 26.5627966
49 -16.6372572 5.5969006 26.5357842
50 -15.9440988 5.2366035 26.4017631
51 -15.6594616 5.0195989 26.5914042
52 -15.4175938 4.7355299 26.2622661
53 -14.8453701 4.2517961 26.1751303
54 -14.4633960 3.8807005 26.3110946
55 -13.4900256 3.1598766 26.6897168
56 -11.9459067 2.0734571 24.1947432
57 -11.1495128 1.5203243 24.3133726
58 -11.1495125 1.4225493 25.6258346
59 -10.4224338 1.0881041 25.5478609
60 -9.7454984 0.7989328 25.0784748
61 -8.6924878 0.4041927 22.8275576
62 -7.9595098 0.0799542 20.8842232
63 -7.5465669 -0.0126954 23.1249458
64 -7.5229713 0.0590789 24.5839236
65 -7.3636918 -0.0695161 25.2106924
66 -7.0775813 -0.1913394 26.7248193
67 -7.0112168 -0.1100812 29.1723993
68 -6.5953234 -0.2123629 30.3677379
69 -6.7442793 0.1557747 32.3171056
70 -6.6734877 -0.0373696 31.6881843
71 -6.2487434 -0.1661140 31.4572469
72 -5.7266621 -0.3191649 31.5317782
73 -5.3682807 -1.0442814 27.6750092
74 -4.9302646 -1.1394040 28.1746575
75 -3.5070793 -1.9958499 25.5328006
76 -3.0838104 -2.0808683 25.6424337
77 -3.0056455 -1.9060223 26.2411746
78 -2.9333802 -1.8927716 27.3199131
79 -2.5882766 -2.1333921 27.7283016
80 -2.8478416 -1.9035746 28.9403183
81 -2.8109718 -1.8030883 30.4773686
82 -3.1737735 -1.5283143 32.5504901
83 -2.6575926 -1.7710384 32.8801804
84 -3.2209668 -1.5408670 34.8656458
85 -3.2858569 -2.1589884 33.6380069
86 -3.5188758 -2.1267106 35.7314124
87 -3.7282981 -1.9236107 38.2332264
88 -3.3787700 -2.1838093 38.7932046
89 -3.1265792 -2.5958825 40.4616313
90 -2.8212953 -2.8132029 41.1530330
91 -2.7460805 -2.6579053 42.7031433
92 -2.7342819 -2.6711464 43.3644250
93 -3.1619741 -2.2930432 44.1987574
94 -3.6457092 -1.9412775 46.1911783
95 -3.5645932 -1.8420656 43.9851421
96 -3.0484123 -1.6426606 44.0062626
97 -2.6811874 -1.8498085 45.0026242
98 -2.8773363 -1.7967012 46.6278145
99 -2.9348542 -1.7020093 49.0806060
100 -3.1280538 -1.5540022 50.4475564
101 -2.9835230 -1.6058696 49.9392472
102 -4.3034707 -0.4797863 51.4446858
103 -5.0718417 0.1093494 51.2445503
104 -5.1190346 0.3486610 50.2030683
105 -5.0924865 -0.0158686 48.2698002
106 -5.6735585 0.8302421 49.4803058
107 -5.6234146 0.6005685 48.5290732
108 -5.2974833 0.2500301 47.6541061
109 -3.2637325 -1.1485014 44.2939909
