1 -3.8506851 1.0401432 -22.1110941
2 -3.9494965 1.0901929 -21.7891787
3 -3.8329877 0.9867964 -22.0641167
4 -3.8138154 0.9735286 -22.2026118
5 -3.6869830 0.8477747 -22.5932559
6 -3.9155760 0.8772103 -22.7417943
7 -4.3712872 1.0439465 -22.5214279
8 -5.1293309 1.3590057 -22.5115495
9 -5.8490300 1.7232749 -22.2178168
10 -6.4065018 1.9877377 -23.0512753
11 -6.8754861 2.2056382 -23.2758927
12 -6.0319039 1.7122039 -25.6652195
13 -6.2295259 1.8374638 -26.1081222
14 -6.5554553 1.8686084 -26.7964357
15 -6.4787660 1.8282055 -26.3126279
16 -6.9374267 1.9741312 -26.3252001
17 -6.3681548 2.2293707 -28.9461547
18 -5.9891334 1.9750245 -30.1435357
19 -6.7176813 2.1605256 -29.2121274
20 -6.8223922 2.0462348 -28.4066540
21 -6.5141603 1.7706485 -28.3023809
22 -7.1719190 1.8070076 -26.2120235
23 -7.0568856 1.5354159 -26.5310236
24 -7.1512728 1.5661767 -25.0037104
25 -7.3695431 1.6175576 -24.2711063
26 -6.7221093 1.1625075 -25.1479479
27 -7.7043225 1.5620765 -22.5961715
28 -7.8827734 1.6368219 -21.9434242
29 -7.3710196 1.1967506 -22.5387920
30 -7.8473795 1.3059123 -20.6369300
31 -7.7588932 1.1156095 -19.8420877
32 -7.4786823 0.7278777 -20.0848680
33 -8.0199321 1.1137652 -18.0649079
34 -7.7854397 0.8244306 -18.1144965
35 -7.2958076 0.4000071 -19.2296321
36 -7.1335798 0.3131608 -19.1876444
37 -6.5510357 -0.1346453 -21.7060267
38 -6.2988455 -0.3163857 -22.8393018
39 -6.4315765 -0.2293079 -22.5230276
40 -5.8932768 -0.5596802 -23.0298831
41 -5.6868054 -0.8047536 -22.5747392
42 -4.8859925 -1.1853822 -22.1577502
43 -4.3978358 -1.4195951 -22.1994606
44 -3.8875570 -1.6443016 -21.8857230
45 -2.9495878 -2.1728405 -22.5024332
46 -2.4245609 -2.4037097 -23.1215026
47 -2.0175177 -2.6707861 -23.6784661
48 -2.0897825 -2.7324945 -22.9814719
49 -2.1384506 -2.8066080 -22.6931465
50 -1.4084279 -3.3262715 -22.1398031
51 -1.1621373 -3.4866691 -22.1073964
52 -1.0190823 -3.7445566 -22.6108189
53 -0.5825434 -4.1639837 -22.8756259
54 -0.2625132 -4.5137141 -22.8218866
55 -0.0811136 -4.8213362 -22.2545617
56 0.5043793 -5.3813597 -24.4996366
57 0.6636570 -5.5796068 -24.1780479
58 0.6798797 -5.6521152 -22.9184907
59 0.7978632 -5.8398231 -22.5590799
60 1.0765990 -6.0974649 -22.7048152
61 1.5839278 -6.5083206 -24.3866478
62 2.1001052 -6.7220354 -26.2028350
63 2.7445894 -7.1497580 -26.4524990
64 3.2017747 -7.2038033 -27.0840660
65 3.4893591 -7.3435055 -26.0757241
66 3.6560106 -7.6378773 -26.0342536
67 3.9391706 -7.8994788 -25.5215195
68 4.1485910 -8.1281529 -25.8819035
69 3.9583424 -7.9269947 -25.2462590
70 3.6161901 -7.5026697 -25.3689538
71 2.5528647 -6.6603287 -25.0020830
72 2.4230828 -6.4755133 -24.2888718
73 1.8508634 -5.9530849 -22.9340917
74 2.1900653 -6.2056475 -23.2935228
75 2.5292672 -6.5130291 -24.1091050
76 2.2638047 -6.3932189 -22.4838381
77 2.2239853 -6.4911643 -21.5168445
78 1.8774092 -6.3164783 -20.6521362
79 1.6738879 -6.2673370 -20.3303303
80 1.6429172 -6.2575503 -19.3819973
81 1.6384928 -6.2582205 -18.7167577
82 1.3169882 -5.9338326 -18.4723207
83 1.1916309 -5.9149872 -17.6816324
84 0.5766431 -5.4792867 -15.7660177
85 0.1327312 -5.2628185 -14.1752218
86 -1.4261224 -4.1585339 -12.6073951
87 -2.2298830 -3.5657885 -11.1868409
88 -2.7608072 -3.0069323 -10.4577486
89 -2.6767441 -3.0902251 -9.2687829
90 -3.2268405 -2.6438609 -8.5020076
91 -3.9834075 -2.0499925 -7.4052624
92 -4.9951132 -1.4640830 -5.9802728
93 -5.2605750 -1.4339680 -5.2931174
94 -7.0096752 -0.2613581 -3.5766270
95 -8.1113426 0.4433317 -2.3250029
96 -9.1436945 1.2239871 -1.1262861
97 -9.0448829 0.9917831 -1.4760367
98 -9.0212858 0.8347457 -1.1704668
99 -8.9283740 0.6345905 -0.5001673
100 -8.2588193 0.1180187 -1.3249613
101 -8.2072013 -0.0392616 -1.5810809
102 -7.7883611 -0.4688068 -2.2060542
103 -7.5111006 -0.7708478 -2.5560426
104 -7.2013948 -1.0350388 -3.1272123
105 -7.0863610 -1.1841189 -2.9458845
106 -6.8164745 -1.3902268 -3.4108206
107 -6.6512979 -1.5611860 -3.7907529
108 -6.3106216 -1.8403812 -4.2493303
109 -5.9345503 -2.0488292 -4.8435620
