1 -1.5484839 2.3271905 -4.7706448
2 -1.5204638 2.3407887 -4.6913992
3 -1.5130901 2.3799471 -4.6194955
4 -1.4644234 2.3560055 -4.6491676
5 -1.4673729 2.3650695 -4.7889798
6 -1.3847871 2.3642259 -4.7590495
7 -1.3449690 2.3580187 -4.8006408
8 -1.2933528 2.3697219 -4.7483492
9 -1.2668074 2.4069107 -4.6977894
10 -1.1591509 2.3565076 -4.6349782
11 -1.0942620 2.3519267 -4.5781576
12 -1.0308479 2.3138467 -4.4761547
13 -1.0043025 2.3063268 -4.3677465
14 -0.9099187 2.2440070 -4.2729753
15 -0.8052117 2.1548067 -4.1562886
16 -0.6606865 2.0611762 -4.2152523
17 -0.5102624 1.9361771 -4.3727398
18 -0.3893331 1.8787182 -4.1855799
19 -0.1607474 1.7489605 -4.1707979
20 0.2698787 1.4276093 -4.4234229
21 0.5132119 1.2491499 -4.6275246
22 0.6031715 1.1971877 -4.8041614
23 0.4158786 1.2392556 -4.4934225
24 0.2448080 1.3067026 -4.4992582
25 -0.0958585 1.4931511 -4.1841936
26 -0.2654544 1.4861085 -4.0954852
27 -0.3849089 1.5018638 -3.7034832
28 -0.5323836 1.4668783 -3.3426680
29 -0.4335756 1.3011725 -3.2513997
30 -0.5382826 1.3089229 -3.3944584
31 -0.5810503 1.2807462 -3.1729424
32 -0.5795755 1.1887743 -3.1875381
33 -0.6208684 1.1658958 -2.9747153
34 -0.5648280 1.0773658 -3.0617657
35 -0.5486058 1.0190018 -2.8747056
36 -0.5869492 0.9720419 -2.7661596
37 -0.6828078 0.9766738 -2.5209310
38 -0.7196764 0.9311714 -2.2843491
39 -0.7005047 0.8432233 -2.1944460
40 -1.0323227 0.9365625 -1.6381756
41 -1.2432115 0.9966315 -1.1895628
42 -1.3847872 1.0586146 -1.2250860
43 -1.5573324 1.2327646 -1.1036261
44 -1.7048071 1.2968261 -0.8709674
45 -1.7903424 1.2935500 -0.7601319
46 -1.8817766 1.3216425 -0.5507726
47 -1.9097967 1.2700986 -0.3174010
48 -1.8257362 1.1424901 -0.1252885
49 -1.8714533 1.1064678 0.1100540
50 -1.9038977 1.0567416 -0.0486917
51 -1.8198371 0.9614610 0.1015919
52 -1.8198371 0.8600636 0.1010293
53 -1.8331098 0.8052150 0.0567786
54 -1.7726452 0.6954366 -0.0082926
55 -1.7505240 0.6314397 0.1787038
56 -1.6635139 0.5516855 0.0417029
57 -1.6177968 0.4910099 0.0632363
58 -1.6015745 0.4355121 -0.0169318
59 -1.7416753 0.5301912 0.1669211
60 -1.7859176 0.5665882 0.1749636
61 -1.8242610 0.5625595 0.3597203
62 -1.7991902 0.5600585 0.4634721
63 -1.8301598 0.5636632 0.4974030
64 -1.9230688 0.6384460 0.5164282
65 -2.1044624 0.6972925 0.6663451
66 -2.1767250 0.6697643 0.9237786
67 -2.1826239 0.6221474 0.8609813
68 -2.1221593 0.5452694 1.0168596
69 -1.9584624 0.4022089 0.9979602
70 -1.7239778 0.2227974 1.0696368
71 -1.5248871 0.0507569 1.0441254
72 -1.4128064 -0.0339633 1.1458252
73 -1.5352102 0.2134263 0.9782738
74 -1.8301591 0.5387848 0.7931106
75 -2.3256734 0.9548223 0.8723284
76 -2.8344604 1.3692604 0.9701564
77 -3.1987224 1.7027352 1.1243901
78 -3.3373485 1.8479940 1.5044796
79 -3.3034295 1.8565321 1.8464398
80 -3.2650859 1.7757865 1.3760927
81 -3.1456315 1.6952607 1.3314167
82 -3.0202781 1.6070388 1.2893470
83 -2.8138138 1.4566748 1.2265996
84 -2.5306627 1.2718934 1.2445747
85 -2.4996930 1.2796955 1.0641250
86 -2.2902792 1.1801085 1.0637617
87 -2.1428046 1.0956988 0.9891915
88 -2.0808653 1.0462452 0.8442290
89 -1.9791079 1.0046274 0.7712647
90 -1.8861989 0.9284688 0.7540196
91 -1.7608456 0.8106703 0.7502188
92 -1.6104216 0.6790793 0.7330202
93 -1.6340175 0.6910054 0.6152354
94 -1.6177953 0.6784393 0.6112778
95 -1.5116137 0.6241136 0.6810022
96 -1.3715129 0.5575203 0.7243286
97 -1.3464422 0.5523834 0.5679719
98 -1.2151899 0.4472376 0.4086889
99 -0.9880791 0.3002024 0.3159043
100 -0.8214330 0.1925006 0.2475793
101 -0.7064028 0.1352865 0.1782542
102 -0.5839990 0.0683949 0.2440210
103 -0.4276761 -0.0203941 0.2958495
104 -0.2698783 -0.1199911 0.2280651
105 -0.1710704 -0.1804592 0.1831670
106 -0.0206464 -0.2622400 0.2332792
107 0.0648888 -0.3160536 0.1963117
108 0.1017574 -0.2864860 0.2438675
109 0.2049896 -0.3558213 0.2049289
110 0.4291508 -0.4856533 0.2253208
111 0.4748679 -0.4603497 0.1356071
112 0.5412314 -0.4658228 0.1917443
113 0.6208676 -0.4992731 0.2675401
114 0.7594937 -0.5645724 0.1792708
115 0.8700995 -0.5995640 0.2184657
116 0.9054934 -0.5914010 0.1637950
117 0.8583016 -0.5566587 0.1776542
118 0.8155339 -0.5111228 0.0402745
119 0.7594936 -0.4483286 0.0288648
120 0.6002212 -0.3412473 -0.0429563
121 0.5014133 -0.2656469 -0.0176377
122 0.4217770 -0.1759096 0.0972567
123 0.4173528 -0.1728313 -0.0329722
124 0.4748679 -0.1908345 0.0504048
125 0.4217770 -0.1518354 0.0661076
126 0.4247265 -0.1196298 0.1525211
127 0.4350498 -0.1045527 0.1201481
128 0.3834337 -0.0413976 0.2345175
129 0.4896153 -0.0654585 0.2650830
130 0.5191102 -0.0238634 0.3062662
131 0.4778174 0.0235315 0.1646430
132 0.4173528 0.1000077 0.1410440
133 0.3731105 0.1607651 0.2493265
134 0.2654541 0.2341528 0.2885352
135 0.2492319 0.2813967 0.3793831
136 0.2507067 0.3450455 0.5587103
137 0.2713531 0.3545647 0.5206635
138 0.2344845 0.4068491 0.3672004
139 0.2271107 0.4117118 0.2383382
140 0.1401008 0.4722065 0.4002585
141 -0.0442424 0.5834504 0.3542947
142 -0.3229692 0.7857879 0.4398490
143 -0.4851911 0.8701779 0.5328228
144 -0.4203023 0.8877229 0.2974958
145 -0.3082217 0.8739649 0.0438598
146 -0.3760600 0.9118552 0.2111355
147 -0.5382820 1.0285732 0.2622804
148 -0.6179182 1.0994527 0.2698149
149 -0.8111099 1.2169091 0.6221191
150 -0.9866046 1.3158061 0.8446229
151 -1.0765640 1.3860529 0.8658410
152 -1.1547255 1.4903167 1.0918617
153 -1.3390687 1.6103872 1.2979965
154 -1.3715132 1.6128207 1.3352807
155 -1.3759374 1.6391701 1.4384609
156 -1.3611900 1.6810322 1.6294371
157 -1.2579579 1.5742676 1.5071682
158 -1.1016349 1.5167179 1.6503374
159 -1.0780390 1.5505902 1.5771046
160 -1.1090087 1.5943756 1.6908061
161 -1.1694733 1.6130739 1.7419650
162 -1.2668065 1.6912211 1.7621502
163 -1.6590889 1.8976050 1.9839839
164 -1.8670281 1.9635698 2.1577715
165 -2.3581185 2.1193945 2.4364000
166 -2.5188659 2.0499074 2.5948758
167 -3.1235119 2.3455677 2.9658477
168 -3.2724614 2.5091672 3.2033122
169 -3.2001989 2.4904957 3.2691756
170 -3.0954920 2.4140778 3.2375636
171 -3.0851688 2.3889742 3.1254198
172 -2.9406437 2.3547840 3.1213076
173 -2.8742802 2.3403694 3.1890147
174 -2.6530683 2.2315815 3.1858546
175 -2.6412704 2.2551095 3.0089492
176 -2.4923211 2.2893755 3.0425085
177 -2.2799577 2.2141422 3.0069598
178 -2.3020789 2.2959075 3.0604924
179 -2.3433718 2.4023408 3.1059997
180 -2.4215334 2.5101587 3.0639020
181 -2.5159171 2.5786688 2.9611207
182 -2.6530686 2.6616473 3.0246770
183 -2.7946443 2.7552700 2.9482144
184 -2.8403615 2.7763378 3.1096888
185 -2.8374121 2.7848708 3.0949724
186 -2.8359374 2.7908569 3.0853892
187 -2.8521597 2.8003851 2.9615173
188 -2.9553920 2.8958580 2.9666365
189 -2.9612910 2.9327293 3.0580405
190 -2.9082002 2.9545459 3.0954092
191 -3.0070082 3.1122845 3.1462096
192 -3.1072910 3.2259199 3.1241527
193 -3.1338365 3.2571125 3.1168744
194 -3.2060991 3.3880720 3.3010025
195 -3.2400183 3.4134084 3.3104909
196 -3.3963416 3.4928539 3.4025108
197 -3.4523819 3.5422927 3.2766212
198 -3.5246445 3.7179611 3.4029009
199 -3.6573718 3.9202953 3.4382704
200 -3.7104627 3.9916224 3.4121441
201 -3.6396751 3.8160438 3.5511064
202 -3.7989480 3.7940995 3.7779895
203 -3.9243017 3.7805224 3.9517753
204 -3.9508473 3.7415566 4.0352746
205 -4.0821001 3.7620997 4.3040244
206 -4.4139184 4.0843709 4.8276006
207 -4.5436963 4.1930382 5.1122494
208 -4.6351307 4.3009190 5.2183712
209 -4.7767066 4.3927650 5.2759678
210 -5.0170905 4.5973540 5.3108239
211 -5.1424440 4.7459900 5.5382440
212 -5.3680805 4.9332880 5.8406143
213 -5.4890098 4.9958481 5.7786134
214 -5.6394342 5.1651549 6.0105314
215 -5.7264443 5.2463996 5.8820837
216 -5.7529899 5.2858463 5.8641257
217 -5.7588890 5.2784101 5.8810989
218 -5.6748286 5.2089810 5.8661745
219 -5.5804449 5.1429358 5.8340067
220 -5.6556571 5.1695824 5.7615001
221 -5.6925259 5.1781320 5.7963846
222 -5.6733543 5.1483629 5.6792505
223 -5.6276372 5.1087238 5.5418055
224 -5.5642231 5.0508116 5.4059494
225 -5.5863444 5.0573171 5.4251002
226 -5.7352939 5.1756348 5.4576345
227 -5.8429506 5.2287891 5.3912630
228 -5.9771527 5.3182374 5.4427726
229 -6.1246275 5.4005837 5.5200123
230 -6.2883246 5.4975594 5.5985395
231 -6.4313752 5.5806681 5.6692791
232 -6.6260420 5.6908785 5.7692776
233 -7.1466281 5.9538528 6.2095450
234 -7.1171333 5.8577103 6.0336657
235 -7.3176991 5.9387606 6.3105059
236 -7.3073760 5.8652225 6.1292713
237 -7.3118003 5.8559197 6.0150619
238 -7.2896790 5.8086607 5.6533620
239 -7.2380628 5.8235167 5.5698148
240 -7.0817394 5.7465360 5.3428461
241 -6.9209919 5.6668784 5.1138271
242 -6.8413554 5.5899233 4.8506343
243 -6.7823656 5.4968574 4.7657772
244 -6.6555374 5.3551822 4.6592735
245 -6.4136789 5.1205258 4.5297239
246 -6.5508306 5.1289329 4.5580083
247 -6.7071538 5.1503147 4.5933970
248 -6.9460629 5.2205733 4.8002253
249 -7.2041439 5.3134363 5.0016982
250 -7.4887702 5.3814913 5.1365916
251 -7.7822451 5.4649308 5.1308466
252 -8.0152553 5.4992925 5.3767702
253 -8.1155384 5.4708344 5.6703277
254 -8.1878010 5.3894846 5.6021216
255 -8.1332354 5.2688311 5.5584737
256 -8.0712961 5.1437162 5.5114088
257 -8.0137810 5.0350347 5.4485945
258 -7.2395386 4.4461214 5.5092241
259 -6.9327907 4.2558344 5.1096386
260 -6.0258208 3.5538327 4.6241439
261 -5.7102247 3.3326278 4.5170553
262 -5.1689920 2.9602931 3.9290383
263 -5.0952546 2.8576168 3.8382371
264 -5.1734162 2.8640375 3.7955769
265 -5.2014363 2.8483758 3.7190013
266 -5.1807897 2.8108361 3.6100838
267 -5.1748906 2.7571706 3.4086502
268 -5.1380218 2.7238592 3.4058050
269 -5.1247490 2.6566758 3.4761925
270 -5.1837388 2.6548216 3.6838666
271 -5.1114760 2.5736723 3.5670496
272 -5.0878800 2.5260942 3.4674450
273 -5.2589506 2.5818482 3.4767389
274 -5.3430112 2.5701139 3.5966808
275 -5.1822635 2.4897683 3.3685518
276 -5.1262230 2.4480104 3.2209832
277 -5.0259401 2.3540355 3.0858417
278 -4.9035360 2.2177879 2.9778281
279 -4.9138591 2.1944570 3.0208811
280 -4.8062025 2.0991735 2.7464834
281 -4.7339398 2.0141837 2.7663953
282 -4.7191923 1.9689212 2.5430617
283 -4.6203842 2.0065260 2.2395080
284 -4.4891316 1.9972746 2.0879078
285 -4.4596366 2.0271763 2.1442206
286 -4.3637780 2.0411159 1.8749628
287 -4.3239597 2.0803055 1.7746332
288 -4.3018385 2.0414721 1.7973113
289 -4.1661617 2.0549936 1.6107317
290 -4.0585052 2.0609924 1.6005650
291 -4.0068890 2.0758483 1.5170175
292 -3.9906667 2.1220342 1.5688012
293 -3.8859596 2.0883762 1.2183424
294 -3.8431919 2.0834224 1.3032137
295 -3.9080807 2.1218220 0.9391159
296 -3.9110302 2.1573101 0.8968739
297 -3.9331514 2.1752222 0.7695059
298 -4.0437575 2.2463827 0.5517529
299 -3.7561816 2.0810501 0.2755309
