1 -1.8463832 2.6393716 -2.9586846
2 -1.8257367 2.6378853 -2.9824919
3 -1.7637974 2.6568128 -3.0841728
4 -1.7092317 2.6526883 -3.1468377
5 -1.5765045 2.6353798 -3.4216110
6 -1.6753125 2.7680700 -3.4701605
7 -1.7416761 2.9041157 -3.4317250
8 -1.5927266 2.9043908 -3.4859464
9 -1.0765652 2.7306445 -3.7726333
10 -0.3509897 2.3633083 -4.4650932
11 -0.0029495 2.1424207 -4.6130267
12 0.0914343 2.0972967 -4.5405049
13 0.5073129 1.8566886 -4.7474642
14 0.5368078 1.8168333 -4.7326530
15 0.6400401 1.7014134 -4.7119631
16 0.6311916 1.6940995 -4.8232323
17 0.8376561 1.5599569 -5.0387283
18 0.8479793 1.5491829 -4.9058931
19 0.5500805 1.7342314 -4.7740755
20 1.0721408 1.4687026 -5.3446369
21 1.2181407 1.3392154 -5.6225636
22 1.2594336 1.2978395 -5.8840078
23 1.1060599 1.3125074 -5.5800874
24 1.0544438 1.2891112 -5.6172494
25 0.8553530 1.3479466 -5.3135029
26 0.6990299 1.3537950 -5.1262553
27 0.5663027 1.3635376 -4.8416922
28 0.3996563 1.3086261 -4.6947222
29 0.3362422 1.2479456 -4.5371793
30 0.2772524 1.2142799 -4.6836240
31 0.1518989 1.2316556 -4.5498867
32 0.0604646 1.2117153 -4.5418975
33 -0.0575151 1.2046827 -4.3857680
34 -0.1017575 1.1527514 -4.3951978
35 -0.1518989 1.1077133 -4.1426755
36 -0.1622221 0.9878002 -4.1064152
37 -0.1931918 0.9359776 -3.8690070
38 -0.1990908 0.8593573 -3.6307570
39 -0.1283029 0.7388049 -3.5629931
40 -0.4379997 0.8228875 -3.0223135
41 -0.6990298 0.8813664 -2.6409153
42 -0.8347065 0.8936960 -2.6195437
43 -1.0072518 0.9337193 -2.3245385
44 -1.1547264 0.9177062 -2.1200317
45 -1.2092920 0.8564867 -1.9728190
46 -1.3257970 0.8130810 -1.6397049
47 -1.4496757 0.7497759 -1.4034137
48 -1.5942008 0.7432698 -1.0831243
49 -1.7578976 0.7586802 -0.7673001
50 -1.7977158 0.7196057 -0.9306387
51 -1.8345844 0.6861976 -0.8414655
52 -1.8714530 0.6263656 -0.8498623
53 -1.8935742 0.5933784 -0.9113720
54 -1.8567055 0.5109447 -0.9824183
55 -1.8950489 0.4619209 -0.8712022
56 -1.8773519 0.4457113 -0.8722833
57 -1.8537559 0.3812237 -0.8182494
58 -1.9894326 0.3890245 -0.6592588
59 -2.0277759 0.3389113 -0.4148737
60 -2.0469476 0.2693465 -0.3009722
61 -2.0484224 0.1859217 -0.0594326
62 -1.9643618 0.0837626 0.0997508
63 -1.8979982 -0.0090652 0.2689149
64 -1.8596548 -0.0783483 0.3107748
65 -1.7402004 -0.2562599 0.5238646
66 -1.7225034 -0.3554109 0.7618598
67 -1.7195539 -0.4445501 0.8735199
68 -1.6738368 -0.5572146 1.0940806
69 -1.6089479 -0.6450233 1.2585883
70 -1.4408269 -0.7884108 1.3663578
71 -1.3243219 -0.9015438 1.3675474
72 -1.2255139 -0.9307735 1.4139896
73 -1.1591503 -0.9527548 1.4914862
74 -1.0323221 -1.0288002 1.4318235
75 -0.9290899 -1.0596172 1.3430463
76 -0.8140597 -1.1553499 1.3235599
77 -0.6813326 -1.2356520 1.2620535
78 -0.5264842 -1.3052637 1.1591469
79 -0.3450905 -1.3651998 1.1423990
80 -0.2743027 -1.3752979 0.9354876
81 -0.0678383 -1.4458735 0.7695029
82 0.0339191 -1.5129410 0.7294678
83 0.2271108 -1.6126293 0.6176924
84 0.4955145 -1.7433775 0.4523738
85 0.5043629 -1.7098108 0.2661556
86 0.6326658 -1.7386001 0.1435111
87 0.7108273 -1.7920795 0.1153004
88 0.7712918 -1.8557732 -0.0093993
89 0.7609686 -1.8426492 -0.0135152
90 0.8951704 -1.9355365 -0.0605754
91 0.9497360 -1.9995020 -0.0458125
92 1.0308470 -2.0754009 -0.0486907
93 1.1104833 -2.1479424 -0.1858345
94 1.0028268 -2.0828086 -0.1359459
95 0.4247266 -1.5466468 -0.1092347
96 -0.1342018 -0.9601792 -0.1715057
97 -0.8022613 -0.4586071 -0.1196893
98 -0.9866044 -0.2868338 -0.2439708
99 -0.9615337 -0.2721390 -0.1624685
100 -0.7860391 -0.3810673 -0.2402338
101 -0.6400393 -0.4645846 -0.3141206
102 -0.4247266 -0.6106723 -0.3934282
103 -0.2625046 -0.6927127 -0.3576830
104 -0.1032321 -0.7808210 -0.4421704
105 0.0147474 -0.8504232 -0.6309019
106 0.1872926 -0.9383077 -0.7322196
107 0.1740199 -0.8694620 -0.6729977
108 0.1592725 -0.8467830 -0.6839632
109 0.2241612 -0.8963592 -0.7006834
110 0.3318176 -0.9371325 -0.6503319
111 0.4099791 -0.9417758 -0.7417309
112 0.1165048 -0.5857847 -0.7048482
113 -0.4040801 -0.1924103 -0.5650639
114 -0.9969274 0.1910331 -0.3223748
115 -1.7505220 0.6103985 0.3376814
116 -2.3433695 1.0347102 0.6592508
117 -2.5232883 1.2236385 0.7707778
118 -2.4554500 1.2270181 0.5501035
119 -2.3109250 1.1622767 0.4537607
120 -2.2312888 1.1062432 0.2952575
121 -2.0749659 1.0281734 0.2014572
122 -1.9997539 1.0472100 0.3466142
123 -1.9053702 1.0056403 0.1510177
124 -1.7180776 0.9235642 0.1555657
125 -1.5971486 0.8772258 0.0648176
126 -1.4791690 0.8439634 0.0925857
127 -1.3434925 0.7900782 -0.0067764
128 -1.2963006 0.8030827 0.0493453
129 -1.6900575 1.0010154 0.4157116
130 -1.9156935 1.1047987 0.6943802
131 -2.1280568 1.2497894 0.7714306
132 -2.0100773 1.1158174 0.7977462
133 -1.8965220 1.0742265 0.8418043
134 -1.8596533 1.0454436 0.7013398
135 -1.7446232 1.0036483 0.7438245
136 -1.6428658 1.0118409 0.7381713
137 -1.5263610 0.9812481 0.6325638
138 -1.5484822 1.0136047 0.4865062
139 -1.4614722 0.9767825 0.4257160
140 -1.3449674 0.9519786 0.4443779
141 -1.3626643 1.0119231 0.2571112
142 -1.7490475 1.3261667 0.3320353
143 -2.5985005 1.9288281 0.6108678
144 -2.8226617 2.2154854 0.3875606
145 -2.6412680 2.1436854 -0.0091150
146 -2.5114905 2.0273374 -0.0203057
147 -2.4672483 2.0318089 0.0505325
148 -2.3256728 1.9812331 -0.0604629
149 -2.1929457 1.9700008 -0.0795776
150 -2.1899962 1.9836350 0.0308654
151 -2.1546024 1.9931736 -0.0255852
152 -2.1280570 2.0430299 0.1403442
153 -2.1664004 2.1348962 0.3327834
154 -2.1546024 2.1683403 0.2748075
155 -2.1590267 2.2153246 0.3512884
156 -2.2121176 2.3048216 0.4334120
157 -2.1251076 2.2732157 0.2341127
158 -1.9260171 2.2427538 0.2889350
159 -1.9127444 2.3062581 0.1902268
160 -1.7608456 2.2717335 0.1773576
161 -1.6605630 2.2066477 0.0048369
162 -1.5381591 2.1958720 -0.1337633
163 -1.5691288 2.2606937 -0.1790403
164 -1.5322602 2.2700279 -0.2370643
165 -1.6428660 2.3696755 -0.3599173
166 -1.6177954 2.4060946 -0.4382834
167 -1.5809268 2.3807508 -0.5831978
168 -1.7313508 2.5594003 -0.4951286
169 -1.6708863 2.5829460 -0.4691868
170 -1.4703209 2.5039601 -0.7486972
171 -1.4201796 2.5286503 -0.8431310
172 -1.2918768 2.5262851 -0.8682051
173 -1.2963010 2.5684545 -0.7854943
174 -1.1193316 2.4616719 -0.7361131
175 -1.1031094 2.4395911 -0.9912795
176 -0.9615339 2.4501171 -0.9178142
177 -0.7226252 2.3505693 -0.9549843
178 -1.2756548 2.4873510 -0.3110064
179 -1.7696947 2.4969617 0.4240023
180 -2.1369067 2.4656070 1.0539596
181 -2.1634522 2.3905872 1.0523485
182 -2.2401390 2.4486768 1.0727557
183 -2.2696339 2.4916849 0.9221053
184 -2.2696339 2.5260764 0.8776064
185 -2.2932299 2.5981299 0.8137828
186 -2.4097349 2.7126381 0.8108130
187 -2.4819974 2.8155113 0.7677616
188 -2.7312295 3.0247657 0.8076082
189 -2.7946437 3.1260111 0.8873959
190 -2.7754720 3.1951745 0.9057737
191 -2.8875527 3.3526892 0.9734044
192 -2.9760375 3.4481813 0.9601199
193 -3.0689466 3.4878846 1.0245335
194 -3.2119970 3.6059575 1.3135529
195 -3.2990071 3.6613511 1.3503136
196 -3.5054716 3.7786989 1.4557794
197 -3.6868654 3.9077039 1.5149182
198 -3.8623602 4.1290347 1.5790059
199 -4.0791480 4.3602161 1.6818084
200 -4.1823802 4.4721967 1.6655680
201 -4.3681983 4.6190108 1.7071775
202 -4.6189053 4.7899512 1.7984361
203 -4.7781779 4.9193292 1.8295243
204 -4.9595718 5.0999215 1.8219149
205 -5.2294504 5.3570332 1.9573294
206 -5.8119759 5.6253247 2.8631862
207 -5.6350066 5.4624269 3.1169350
208 -5.6630270 5.5195602 3.2096903
209 -5.7824815 5.6365409 3.2071972
210 -5.9992693 5.8461132 3.2061995
211 -6.0494107 5.9547474 3.3916464
212 -6.1570673 6.0988669 3.6028558
213 -6.2691481 6.1932162 3.4886958
214 -6.3222390 6.3153279 3.6603799
215 -6.3281380 6.3080063 3.4136845
216 -6.3443603 6.3494612 3.3802630
217 -6.3414109 6.3834438 3.3326175
218 -6.3281382 6.4111807 3.2801881
219 -6.3576332 6.4627292 3.2502473
220 -6.3856535 6.4532578 3.1656617
221 -6.4033506 6.4859753 3.1453833
222 -6.4593910 6.5374776 3.0168238
223 -6.5729466 6.6045182 2.9398361
224 -6.6171891 6.6567352 2.9274090
225 -6.7292699 6.7307363 2.9713376
226 -6.8295528 6.8086047 2.9955593
227 -6.8841185 6.8165694 2.9214950
228 -6.8767448 6.8341188 2.8895989
229 -6.9681792 6.8935651 2.9266298
230 -7.0035732 6.8909051 2.9741806
231 -6.9814521 6.8678920 2.9763894
232 -7.0566643 6.9078940 3.0183627
233 -7.5108865 7.1499766 3.4029578
234 -7.4518967 7.1201908 3.2362229
235 -7.7438967 7.2538089 3.5589937
236 -7.6967048 7.1349797 3.2586541
237 -7.6849069 7.1007300 3.1565068
238 -7.7247252 7.0767875 2.9735885
239 -7.8618768 7.1501368 3.0496043
240 -7.9370889 7.1726567 2.9824377
241 -8.0196748 7.2216482 2.8902089
242 -8.1391294 7.2891056 2.9517942
243 -8.2246648 7.3302521 2.8733919
244 -8.2467860 7.3227146 2.7789531
245 -8.0639175 7.1248370 2.5435704
246 -8.0653924 7.0208933 2.5481412
247 -8.1229075 6.9467277 2.5840209
248 -8.3411702 6.9680402 2.8284505
249 -8.5402611 7.0114570 3.0203870
250 -8.7334531 6.9973676 3.1476188
251 -8.8425845 6.9417635 3.0920480
252 -9.0254531 6.9485402 3.3111762
253 -9.1404836 6.9142737 3.4988679
254 -9.2319180 6.8764499 3.5299965
255 -9.3218776 6.8514904 3.5426420
256 -9.3528473 6.8087245 3.5048122
257 -9.3115545 6.7050429 3.4557453
258 -9.2053728 6.5791834 3.6180278
259 -9.1950495 6.4795081 3.4706126
260 -9.1345849 6.3598137 3.2866120
261 -9.1714536 6.3374112 3.3615456
262 -9.1360596 6.2569591 3.1580137
263 -9.1699786 6.1936806 3.0186408
264 -9.2658372 6.1805440 3.0233404
265 -9.2186452 6.0863622 2.9546304
266 -8.4252309 5.6266828 2.4288736
267 -7.6657356 5.3017044 1.7710988
268 -6.6968262 4.8321435 1.0394203
269 -6.3900786 4.6369271 0.9097330
270 -6.3812300 4.6036593 1.0735111
271 -6.2337553 4.4360225 1.1066285
272 -6.2411290 4.3679755 1.0721041
273 -6.3546845 4.3614190 1.0903444
274 -6.4402198 4.3223761 1.2474587
275 -6.5832703 4.3185322 1.2989465
276 -6.5213310 4.1872269 1.2598914
277 -6.3856543 4.0147484 1.1822163
278 -6.2175332 3.7676141 1.1607045
279 -6.1555938 3.6565423 1.2272292
280 -5.9815736 3.5245469 0.9176286
281 -5.7751090 3.3363522 0.9038303
282 -5.5804424 3.2035586 0.5695326
283 -4.9241798 2.9988148 -0.1151634
284 -4.3460786 2.9420693 -0.7621865
285 -3.7429070 2.7376913 -1.1176730
286 -3.5408668 2.6529978 -1.3916369
287 -3.4789274 2.6228030 -1.5615188
288 -3.4951496 2.5851576 -1.4925930
289 -3.3727456 2.5846988 -1.6445429
290 -3.2695133 2.5786434 -1.7653591
291 -3.2119982 2.5816763 -1.8409605
292 -3.1957760 2.5989734 -1.7517978
293 -3.1205639 2.5639011 -2.0636693
294 -3.1884023 2.6079822 -1.9044035
295 -3.3122810 2.6782311 -2.1044362
296 -3.3211294 2.7131612 -2.1386047
297 -3.3756951 2.7445123 -2.2429281
298 -3.0394528 2.5301900 -2.6481724
299 -3.1721800 2.6102058 -2.7180553
