1 -24.0530982 15.9645742 0.7547694
2 -23.5074432 15.5587827 0.5998112
3 -20.8676514 13.6744399 -0.1200642
4 -18.8325000 12.8627172 -1.6060338
5 -15.5733087 11.7231284 -4.1932086
6 -11.2818010 8.9753732 -5.9860992
7 -7.3589789 6.4988267 -7.6704432
8 -4.6307010 4.3339641 -8.1376420
9 -3.1264606 3.4530489 -8.7407007
10 -1.7844420 2.8612104 -9.6473883
11 -1.5779776 2.7156611 -9.7163654
12 -1.4452505 2.6095081 -9.6126634
13 -1.3715133 2.5305045 -9.6023347
14 -1.3125234 2.4604234 -9.5851720
15 -1.2535336 2.3834641 -9.5591095
16 -1.1650489 2.2869976 -9.6763244
17 -1.0765642 2.1905311 -9.7935392
18 -1.0618167 2.1832709 -9.6707640
19 -1.0175744 2.1702600 -9.7090656
20 6.5773676 -3.8588104 -11.6366628
21 7.2410034 -4.2963744 -12.0293055
22 7.7571638 -4.3299755 -12.8926057
23 7.2999922 -3.9829340 -12.6401385
24 6.7985785 -3.6949890 -12.5195905
25 6.5921141 -3.6303167 -12.2142070
26 6.8133256 -3.6609790 -12.4502142
27 6.6216082 -3.4401504 -12.3652588
28 6.2824163 -3.1455155 -12.3237726
29 6.1644367 -3.2529706 -12.0377067
30 5.8399919 -2.6954516 -12.6182632
31 5.3238304 -2.2558020 -12.8073853
32 5.2205978 -2.1347640 -13.0988632
33 4.6306998 -1.9154309 -12.6475062
34 -0.1474745 1.3091564 -11.1285846
35 -0.6783827 1.5580284 -10.5254438
36 -0.7668672 1.7975073 -11.2520696
37 -1.1797957 2.0731876 -11.2259250
38 -1.6369664 2.3995942 -10.9467592
39 -1.2977752 2.2045808 -10.8536231
40 -1.8434306 2.5534554 -10.2297358
41 -2.2416117 2.6686610 -9.4872938
42 -2.0204000 2.3097331 -9.6938392
43 -0.0294949 1.6348315 -11.3017147
44 -0.0442423 1.4511624 -11.0456872
45 -0.3539386 1.5318058 -10.5005579
46 -0.5898977 1.5438781 -10.2221177
47 -0.8700991 1.3438695 -10.0094112
48 -1.1797954 1.6308618 -9.7312746
49 -2.2268637 2.2041136 -9.0363513
50 -2.9347407 2.6824317 -9.1683435
51 -3.4656480 3.1774897 -9.5425399
52 -3.6573647 3.3157790 -9.3507876
53 -3.8490815 3.3990416 -9.0878372
54 -4.0113032 3.5436749 -9.2045705
55 -4.3062520 3.5845582 -8.8898946
56 -4.7781698 4.1501949 -8.6383690
57 -4.6601905 3.9514518 -8.2647272
58 -3.9080711 3.4567997 -8.4302544
59 -3.5688798 3.0454648 -8.8477805
60 -3.6573645 2.9614336 -8.6287810
61 -3.6426171 2.7822158 -8.2835117
62 -3.3476684 2.6293880 -8.0580640
63 -3.2001938 2.5607986 -8.1531035
64 -3.2739307 2.9182589 -8.2602043
65 -3.1559512 2.8639602 -8.0734577
66 -3.1117087 2.8663684 -7.9999496
67 -4.1145341 3.2188273 -7.7332809
68 -4.2767556 3.4063923 -7.7738035
69 -4.9698849 3.7088157 -7.3013084
70 -4.7339263 3.1877494 -6.9211659
71 -4.7486739 3.0882808 -6.6423265
72 -4.4832201 2.8330425 -6.5111331
73 -4.4537252 2.7618330 -6.3239939
74 -4.3799880 2.6484377 -6.2691664
75 -4.4242305 2.4826122 -5.9994710
76 -4.8961485 2.6443204 -5.6205866
77 -5.1910973 2.8879977 -5.3047857
78 -4.4979677 2.5167915 -5.6882831
79 -4.4537255 2.4674966 -5.2843586
80 -4.9698852 2.8986056 -5.5941911
81 -5.5302874 3.3889808 -5.5302931
82 -5.5155399 3.3594233 -5.5104279
83 -5.3975606 3.2140442 -5.3375935
84 -5.5892775 3.1957931 -4.8115378
85 -5.3238236 2.7861386 -5.2711045
86 -4.8961481 2.6699402 -5.2584588
87 -4.0702919 1.9983261 -5.4186702
88 -4.0850393 1.7581977 -5.7483906
89 -4.1882714 1.8154382 -5.5620435
90 -2.9642347 0.6415426 -5.5685831
91 -2.8462552 0.4774211 -5.7667770
92 -1.5484808 -0.3113071 -6.1000538
93 -1.4157539 -0.2609211 -6.3306555
94 -1.0028257 -0.4799120 -6.2983892
95 -3.0232238 1.2258351 -6.3828373
96 -3.9080696 1.8660171 -5.9766831
97 -4.4094821 2.3688508 -6.0024194
98 -4.8813999 2.6268549 -5.7481318
99 -4.5717037 2.5787121 -5.9400325
100 -4.9256421 2.8357818 -5.6998056
101 -4.8813997 2.8777975 -5.8093055
102 -5.0731161 3.0763285 -5.8272606
103 -4.4242293 2.5891071 -5.8737518
104 -4.1882705 2.4050782 -5.9296977
105 -4.7044301 2.8997534 -6.1900193
106 -4.9256414 3.0869540 -6.2883166
107 -6.0022031 3.8571141 -6.3384571
108 -5.5450328 3.6217888 -6.6037104
109 -5.7220022 3.5637778 -6.3081081
110 -5.8547289 3.7780911 -6.1564794
111 -6.3561417 4.1054119 -5.6916041
112 -6.6658372 4.4149300 -5.8378952
113 -6.7100796 4.4879528 -5.4819643
114 -6.4003836 4.3916619 -5.6115665
115 -6.2676566 4.2907248 -5.6463735
116 -6.0169506 4.1200705 -5.6062434
117 -5.7662444 3.9064843 -5.6423239
118 -5.3680638 3.7068487 -5.8802410
119 -5.3533163 3.7306556 -6.0611833
120 -5.1321050 3.5126174 -6.1865057
121 -5.0141256 3.4343595 -6.2322782
122 -5.1321049 3.5401300 -6.2221052
123 -4.7191772 3.1940058 -6.2888610
124 -4.2325122 2.9304031 -6.2907642
125 -4.1145329 2.8056590 -6.1446292
126 -4.5569558 3.0320610 -5.8862104
127 -4.5274610 3.1121744 -5.8948661
128 -4.8076623 3.1510119 -5.5959246
129 -4.7339253 3.0255216 -5.3936885
130 -3.9670591 2.4377462 -5.5888615
131 -3.7900897 2.5095133 -5.9022637
132 -3.2296873 2.3784731 -6.2993400
133 -3.2001926 2.1765754 -5.9431053
134 -3.1264556 2.1680167 -5.8921651
135 -2.9937288 2.0360122 -5.6232548
136 -2.9642340 2.0833961 -5.4578023
137 -3.0674664 2.0391237 -5.0083497
138 -3.4656473 2.1064087 -4.7309467
139 -3.9818076 2.4049362 -4.4739570
140 -4.3504931 2.9529390 -4.5917865
141 -3.9818071 2.9208095 -5.1414395
142 -4.7044317 3.2496162 -4.5345679
143 -4.5864525 2.9702252 -4.4518565
144 -4.3947361 2.6153848 -4.6269348
145 -3.9080705 2.5410511 -5.1372495
146 -3.1117091 2.0110927 -5.4439877
147 -2.6987808 1.9761549 -5.7816234
148 -2.3153475 1.6822672 -5.8792100
149 -2.2858528 1.6195981 -5.5713613
150 -1.4157540 0.9883391 -5.9706809
151 -1.4157540 1.0089739 -5.9973802
152 -1.6074707 1.2452205 -5.8006155
153 -1.2387848 0.9963089 -5.8062576
154 -1.5927233 0.9630573 -5.8491869
155 -2.3448430 0.9916448 -4.9488675
156 -1.5337337 1.0165553 -5.4648831
157 -1.8729246 1.6052936 -5.9356969
158 -0.2507065 0.5204237 -6.0266052
159 0.4571706 0.0800532 -6.2072292
160 1.2387850 -0.2863359 -6.4437102
161 0.7668669 -0.1331688 -6.1855354
162 0.8848464 -0.4604777 -6.5678626
163 0.7373721 -0.5398872 -6.0178099
164 0.2654540 -0.2904238 -5.8842319
165 -0.5014131 -0.0207132 -5.4092793
166 -0.3244438 -0.1690521 -5.4378889
167 0.0884847 -0.4309742 -5.4818326
168 1.1355533 -1.0146553 -5.8997368
169 0.5456555 -0.5889760 -5.7153737
170 -0.1327270 0.1224378 -5.9222077
171 0.1032321 0.1653932 -6.2718454
172 0.4129284 0.0071976 -6.3213495
173 0.4571708 -0.0247860 -6.2033425
174 0.6636350 -0.0896871 -5.9813889
175 -0.0589898 0.1466077 -6.0453756
176 -0.4424233 0.5692905 -5.7191570
177 -0.0442423 0.3179529 -5.6266573
178 0.3391913 0.0669973 -5.6480330
179 0.8406045 -0.3172422 -5.6439830
180 1.2092907 -0.5127895 -5.8504323
181 1.5484821 -0.8899625 -5.7851207
182 1.2535331 -0.6719068 -5.8314482
183 1.1060586 -0.5912233 -5.8838177
184 1.0175740 -0.5514456 -5.8250141
185 0.9143419 -0.5921633 -5.6436797
186 1.4599977 -1.1492763 -5.6028463
187 1.1060589 -0.8886527 -5.6307376
188 0.9880793 -1.0596759 -5.3941835
189 0.7226253 -1.2498652 -4.8172841
190 1.2535336 -1.3476427 -5.0888818
191 0.8700998 -0.8768118 -4.8249612
192 0.3539389 -0.4442721 -4.4778481
193 -0.1327271 -0.1446164 -4.3908350
194 0.4424236 -0.2108104 -4.4949141
195 0.4866660 -0.1894297 -4.5777144
196 -0.4424236 0.4879511 -4.4280771
197 -1.5337354 0.8557680 -3.2804531
198 -1.8434320 1.0775300 -3.1814379
199 -1.9319167 1.3321969 -3.2689174
200 -0.2212118 0.1081583 -4.0805868
201 -0.7226253 0.9015408 -4.3505038
202 -1.1797965 1.1900007 -3.7587216
203 -0.8995948 1.1288649 -4.1605729
204 -0.6636356 0.8072707 -4.0385234
205 -1.0175746 0.9421938 -3.5084917
206 -2.1678766 1.6447916 -2.4570026
207 -2.8315122 2.1596775 -2.0326502
208 -3.3919159 2.4299468 -1.6839610
209 -3.5836329 2.5511544 -1.7336282
210 -2.2416142 1.5466222 -2.1063284
211 -2.7725226 2.1239879 -2.0599860
212 -2.9494921 2.2739889 -1.9017673
213 -2.5218160 1.8278630 -1.9892691
214 -2.1678769 1.7562770 -1.9424520
215 -2.0646446 1.8090884 -2.2711950
216 -2.3006042 1.8365789 -1.8809461
217 -1.7844430 1.5157533 -2.2408455
218 -1.7844430 1.7375203 -2.3960282
219 -2.7135330 2.5076437 -2.1028697
220 -2.9937349 2.5500364 -2.0720469
221 -2.4775737 2.3340472 -2.4358332
222 -2.4185839 2.2898169 -2.5838787
223 -2.3006043 2.1015069 -2.4872549
224 -1.6664635 1.6628162 -2.7099187
225 -1.7696956 1.9316213 -2.9290732
226 -1.3862616 1.6583684 -3.0533586
227 -1.1208073 1.4341980 -3.2258821
228 -0.1622221 0.7631599 -3.6840047
229 0.2212120 0.4846910 -3.6697813
230 1.1503024 -0.2064474 -3.8016193
231 0.4571714 0.4261334 -3.7563130
232 0.2064645 0.5588423 -3.4838264
233 -0.8258581 1.2744929 -2.9915333
234 0.6046460 0.5055411 -4.3063653
235 0.6783834 0.3679578 -3.9567203
236 1.3567669 -0.2865384 -4.2188122
237 1.7844434 -0.4902632 -4.4881966
238 1.0175751 0.0581344 -4.6373525
239 0.5309087 0.4884781 -4.7194343
240 0.1917170 0.7368553 -5.0133781
241 0.1622221 1.0246149 -5.2171911
242 -0.1474746 1.2103241 -5.2032862
243 -0.2654543 1.2371095 -5.3544341
244 -0.3391917 1.2817218 -5.3202640
245 -0.2212120 1.1244787 -5.5273576
246 -1.1797970 1.9039076 -5.3412398
247 -1.5042411 2.1296062 -5.6242181
248 -1.3125242 1.8397666 -5.0928387
249 -1.2830291 2.1727138 -5.5603939
250 -0.1622221 1.4998243 -6.2182877
251 -0.2212119 1.4204753 -6.4373833
252 -1.6664630 2.1864855 -5.4956446
253 -0.7963629 1.5654277 -5.6446454
254 -0.4866662 1.1648301 -5.5122673
255 -0.6046459 1.1313736 -5.4537081
256 -0.8995952 1.3081606 -5.4466370
257 -0.5014137 1.2185766 -5.8269500
258 -0.2064645 0.9644667 -5.8657330
259 -0.8258578 1.2172926 -5.8162361
260 -1.0175748 1.2818123 -5.9243141
261 -1.5189883 1.9599270 -5.9133257
262 -1.4599985 1.8642246 -6.2582914
263 -1.1797966 1.7945481 -6.7808524
264 -1.5042408 1.8103450 -6.5287196
265 -1.9024221 2.0685620 -6.6301187
266 -1.9171695 1.9520136 -6.5926983
267 -2.7872690 3.0132820 -7.0132815
268 -3.3181773 3.3276124 -6.7583572
269 -3.1707027 3.2315101 -6.8177973
270 -3.2296925 3.2567681 -6.5134431
271 -3.4214095 3.2076816 -6.2110065
272 -2.7430267 2.6871968 -6.3829749
273 -3.3624196 3.0998856 -6.4085630
274 -2.2858555 2.0960926 -6.5831676
275 -2.4185825 2.2160026 -6.7046690
276 -2.3300977 2.2502237 -6.9909790
277 -1.7991893 1.9875959 -7.5763199
278 -1.8434317 1.8286501 -7.3155244
279 -2.4185825 1.9496427 -6.7553055
280 -2.3006029 1.7236167 -6.8734015
281 -2.0056538 1.7342057 -6.9911568
282 -1.9909064 1.4176526 -6.9952293
283 -1.9614116 1.4083479 -6.8881880
284 -1.6959574 1.2133522 -6.9667016
285 -1.7107049 1.2445716 -6.8569577
286 -1.7401997 1.4258330 -7.1864930
287 -1.7401998 1.5048183 -7.0251719
288 -1.7401997 1.6286276 -7.1853675
289 -1.6074726 1.6377428 -7.3625706
290 -1.5927250 1.9727344 -7.8143926
291 -2.0498961 2.2355737 -7.5847384
292 -2.4480771 2.7722461 -7.7829094
293 -2.3743398 2.7380660 -8.0940976
294 -2.3448448 2.6962620 -8.3402847
295 -2.4775718 2.7663617 -8.5290971
296 -2.5808042 2.6241324 -8.0846570
297 -2.6397941 2.5893774 -8.0979326
298 -3.2739339 3.5183193 -8.9048781
